,longitude,latitude,demand,address
0,8.683448,49.416961,0,Quinckestraße 49
1,8.681247,49.412388,24,Bergfriedhof
2,8.662789,49.37446,6,Gertrude-von-Ubisch-Straße
3,8.663488,49.390504,20,Speyerer Straße
4,8.650365,49.424738,9,Klostergasse 6
5,8.684574,49.393819,19,Feuerbachstraße 26
6,8.636446,49.430018,11,A 5
7,8.693395,49.401669,22,Mittlerer Gaisbergweg 11
8,8.685109,49.387783,18,Eisenhower Street
9,8.670162,49.406377,6,Czernyring 10
10,8.63245,49.409997,23,Handelsstraße 1
11,8.689162,49.372064,21,Traitteurweg
12,8.670682,49.396678,3,Baumschulenweg
13,8.690306,49.372096,28,Schleifweg 44
14,8.69358,49.378182,13,Oelgasse 1a
15,8.63606,49.395647,4,Rudolf-Diesel-Straße 20
16,8.670398,49.408443,26,Yorckstraße
17,8.637578,49.429881,25,Am Taubenfeld 35
18,8.682342,49.403657,2,Ringstraße 19a
19,8.64455,49.413006,4,Wieblinger Weg 100a
20,8.685483,49.406815,15,Alte Glockengießerei
21,8.691885,49.372719,11,Hermann-Schück-Weg 1
